%YAML:1.0
---
cameraMatrix: !!opencv-matrix
   rows: 3
   cols: 3
   dt: d
   data: [ 5.6626532999999995e+02, 0., 3.1287322799999998e+02, 0.,
       5.6502191900000003e+02, 1.8339788300000001e+02, 0., 0., 1. ]
distortion_coeffs: !!opencv-matrix
   rows: 5
   cols: 1
   dt: d
   data: [ -5.2273099999999995e-01, 2.9381299999999999e-01,
       1.4200000000000001e-04, 2.0270000000000002e-03, 0. ]
